0.7429645852079948
0.61724938206135
0.6813213110786868
0.6077256708207366
0.713682633071781
0.7620989003443315
0.7160591440590028
0.6366086699576736
0.6810794400550392
0.5742069352911712
0.7204833504992096
0.6539654245324558
0.7815694039273647
0.6693459127023912
0.7201721705910122
0.6654931824666402
0.6156037047623881
0.8022735617072029
0.6402654752589659
0.6812053608222712
0.6412310534218362
0.7138111141973925
0.5876986375957459
0.5846958242585609
0.6370699076139776
0.6451477612130718
0.608950730695215
0.7313631031715927
0.6159549290365091
0.7459287396863827
0.7347038435038951
0.6386717517532927
0.67300163751611
0.7971342965214359
0.7363179615473201
0.8166797358476094
0.7045327396588947
0.7079533466105984
0.6285066422822546
0.7436275154681297
0.800360005229715
0.6773805414118813
0.7181885716264325
0.5879588451651286
0.8258539359376473
0.6584761067949004
0.6586580088337282
0.6259986280879845
0.648675452227263
0.6735660498778431
