0.674351923920645
0.639361069371574
0.7094645427890959
0.7435565141037861
0.7315101022302213
0.6816382675932972
0.6283510940782122
0.6955113864019021
0.658536874088681
0.7021635686192977
0.7167735809650273
0.6540360895545522
0.6205646656367758
0.6712003988527441
0.7011703361576158
0.7974887951409293
0.7162017156346107
0.6947629391357302
0.805893099309826
0.6766940508619103
0.6691692492576495
0.7286820211508915
0.8297366716206515
0.7086853897791404
0.6971662966221008
0.7031711068052937
0.6738600208879769
0.6615593953704896
0.6119459469900058
0.6704067238201705
0.6914785346337691
0.6534388774888387
0.6716356690157212
0.757925831089104
0.5997841149019748
0.7101538894246537
0.6846468922935245
0.6539295660613224
0.5391138497309204
0.6803897457953778
0.7942213306918586
0.6435409216946828
0.6393668108732338
0.6912337940751195
0.6428301526021406
0.6919420940386884
0.6366444916240537
0.7627084507243136
0.6847312734745429
0.729507655632304
0.7278547578255323
0.7237825666222174
0.7051121239840817
0.5957460778567308
0.7245549292708375
0.7189753710034426
0.653760365465639
0.7579347561423964
0.6292799275065527
0.691662051308235
0.7880550964017518
0.5959951606711005
0.6923793765466519
0.7210557436578199
0.6625914757617016
0.7338918888740494
0.6515349112066654
0.7056117662925961
0.5380946576924515
0.7480827181280542
0.6332188385794187
0.6299615962052932
0.6701698937786899
0.7363417228177419
0.7377278748798767
0.7157161494747285
0.7326177495929956
0.6665900696420514
0.6890291108213087
0.7479266953474758
0.7057339837956171
0.6663603264466958
0.738070390891962
0.6647696456553214
0.7085776373124085
0.7396664923465832
0.6521686228851903
0.7166447111151093
0.6202155014806239
0.7074923356550636
0.6528471490714184
0.7460022423626794
0.7220562799668088
0.652561041767885
0.7174734498342551
0.5625389438862195
0.7349446015806371
0.6125505592208429
0.7070451720741469
0.7171582527830805
0.6749856392773198
0.6617031524166285
0.652707933679373
0.7991473724151593
0.6828554440346715
0.7179478016483443
0.8055690192814161
0.7551760802688717
0.7112707415662258
0.6685635097032703
0.6892778538368455
0.8083671094030014
0.7485309299515239
0.652295858594469
0.5950285820290835
0.6474241880765446
0.5633082140410101
0.7352760082287134
0.7354741970830988
0.732361646549795
0.696476403918013
0.7003334129654337
0.7046496742354668
0.6340437589506865
0.691111532203691
0.7318397378040106
0.6927263231211314
0.7663247382648943
0.6703560765333569
0.6393254396036759
0.6670508216902412
0.566828073202169
0.6073050345490588
0.7278238894912801
0.6444131111822945
0.710885688029339
0.7095792641177617
0.6946361893493084
0.689199514938621
0.629927236796294
0.6547728101587448
0.6392965730075537
0.6691695166790897
0.7174699621064475
0.723242863039002
0.7235530109177163
0.6712387123492962
0.6267654582546931
0.7081402911402968
0.6718005791389936
0.6401644366755087
0.7520294841432672
0.6916026195765468
0.7482358021485059
0.7002355297798364
0.712394558501881
0.6839534345428092
0.7634366149723968
0.6704613337219647
0.7827880199420392
0.6483673460746651
0.6486709719035665
0.7051218262945661
0.6347636973108014
0.735303882637136
0.6201005420395657
0.7369023688629459
0.803535131263849
0.7663161654318645
0.7331231867811213
0.6113686195311641
0.7536338043736408
0.6379094342240017
0.712964896381032
0.7449401201371517
0.8013190750919932
0.7036773832428646
0.7606145895816422
0.663446698174386
0.7363930367026655
0.6651786160744579
0.7006144531656812
0.6900783108437938
0.6502937950278652
0.7047294614071625
0.6603600330856064
0.6798978247274288
0.6923000470678771
0.8621635911239357
0.6422124040672075
0.6569604058390921
0.7434576009467105
0.6552238008327743
0.6155991980143055
0.7443457081870699
0.7023422124288488
0.7558883386325882
0.7324377121295687
0.7738532383182526
0.7489966613977126
0.6691393177514247
0.6832728727321689
0.6714243647721027
0.6843650470704247
0.6415322210600666
0.6469369791410694
0.7611996224025208
0.7118952351287388
0.7347998833627865
0.6389588058217412
0.7971647272234441
0.6939465264695328
0.6566317218160509
0.7538024925771283
0.7289175477609332
