0.7785133336825223
0.7269206540726557
0.6725743267683215
0.7393628792708606
0.6443607946407977
0.8045940692412357
0.770430254361186
0.7101262293125657
0.7653122306075568
0.6820879326644343
0.7217328702232808
0.7461388182662773
0.7327803775454187
0.6551835583128326
0.6600386843339505
0.7885440938769082
0.6321802498187571
0.6996215020921427
0.7574343558355491
0.6346407038518881
0.7066592329685301
0.7100211698280459
0.7747090981377296
0.6932616581137496
0.6545250145803114
0.5176082962393725
0.7887846239833033
0.7295227369517522
0.682165428707649
0.6486552097832234
0.7385031495736836
0.6067095496873529
0.5784191689050201
0.7056183420947993
0.6730307031703255
0.7271405845058135
0.6463763577539849
0.6948039304644803
0.8307213899792216
0.6191683432080465
0.7911803230014551
0.7016577696542676
0.7130588303161759
0.6693273635765454
0.6264573143551382
0.7888754842006345
0.7032859470567541
0.7238567078986476
0.7144830018553777
0.6847575714369266
0.6558550585739088
0.7270020780584147
0.755420756289914
0.7832301807651808
0.7623349338745516
0.5960277217559201
0.7640095012611245
0.6596302599512748
0.6862464863977493
0.7585361487541459
0.6573162654577189
0.7159435613051505
0.7344130809708623
0.7245611832324317
0.7218718658231246
0.7590580043490289
0.7050853689633795
0.7500433567505402
0.6089831555862211
0.7579440837540209
0.6389079513560602
0.7563448682852665
0.7755929004736163
0.6468856843688974
0.7933866602887338
0.6727456064151968
0.7263169617765781
0.6719654201367319
0.7690281547224184
0.7562155983065774
0.7199220351020054
0.7258893228587263
0.629603349103836
0.7196583267838307
0.6111025813753662
0.6546401752070969
0.65902755207107
0.7378993845859114
0.581561502155426
0.6959675122889086
0.6707328546270147
0.7312868697008953
0.7279075581232193
0.7431496044205386
0.6544958086227548
0.7042504735849356
0.6213531364994367
0.7274308081856817
0.7645593847283425
0.8273838472600724
0.6855391873495292
0.6547739718829192
0.6889384310372186
0.6365713562212244
0.675142348122759
0.8362446505852087
0.7140199531962712
0.7057041434482808
0.6952679395490464
0.7811528001179593
